4221805326
3346514206
3973203980
3236783006
1326560758
2159124734
4031497674
1459249168
806275326
388373772
3001230780
2596971672
34824500
560868470
2540827800
525314350
715733764
966654500
2571282334
2173119740
4282096462
460896900
1491990336
3178881960
720803018
3521966888
2269729048
2673990110
1793622594
3415943258
1800062636
1167786054
570660424
3981889726
1753355078
3801551836
3695670140
1172240368
1985478988
2646694030
3544259266
3384438184
469235156
3423409278
4217894426
1098551106
3180628264
2589925070
293096022
3156390756
468027124
805068882
333445634
545147718
324089798
391074892
4268069890
1339901956
2870495790
2063539396
2334976034
1189901040
4091067770
3019202052
1956193614
2655397534
328431056
2965931620
3150205002
2866730190
467233918
3790942750
3337392986
3870787076
224599710
911692610
2735649588
287164318
451129162
3520640150
4062153444
2543696170
4065304506
370489500
594333458
765958888
1276440680
2098881430
278215800
2979906878
3677559468
411182308
2960611034
2532011524
2144585836
3754527580
1427299702
4081267848
1797461756
2021053720
3323806640
1877987134
1474537954
1155884790
497847424
4019992860
4044079120
3305755792
2092187194
854502490
3113341830
45956774
2785978082
2513808376
3894904450
3228632468
1280951318
3623268976
3764532280
1982957034
1258450118
973603704
1539600102
1622083052
3753064078
1487194424
2873968968
750752818
3493781118
15613740
927238996
962528936
1999470694
1217634926
4067873726
2458099918
408306370
1962572198
1836718608
2122932788
3675717236
1018479188
2787110012
3177653198
408949828
2670871648
307149236
3188668502
2053796536
667065620
1011432784
50380854
3052480828
2967398220
1417216080
2154998488
2372972572
650140008
2032220904
1423061792
3133243708
3795038358
76007376
2565556056
3891384728
3826399822
533733968
3011628122
337752600
2938760602
52683026
3945171706
2749803942
3548657042
929449612
3891066076
2219476196
516796506
1971695504
48035142
4002815632
1962567866
2567607296
280480156
2363551966
1644104214
277135388
635618064
3369692250
1921644256
2009503174
2471545418
2807842048
3094400444
1601809364
2221453536
189798194
335544600
1375353584
3646977744
1499243092
3574767246
933820026
621172674
1890514932
1376329120
2969681314
300113124
2474355642
2874169786
1547590698
2497434012
3391300300
2501829558
109501944
2872836724
3846003516
3306137716
1888857386
2963854778
4157806854
3185249494
2517728116
668117476
730818014
12671802
735132374
3087997926
3111845764
2182029474
3945526798
1311646238
2150122338
3099807826
486908080
496905332
211161404
2599357612
3666639788
1592396274
3545764154
2484399538
905736440
2201075156
282310658
3848879480
2888716456
1247825108
2232343150
3436160674
3528165162
2371196174
3150503206
4088847080
1559377974
587881204
1187028570
4091952448
3800716172
3425165510
852362636
27834354
2263226898
1118728020
3989112838
2771354848
2257326674
2658189724
2278334316
489432940
3178849166
1007445264
754588066
3326014012
2332863672
2352414996
2938580168
2685108354
2839824658
1340104936
1622109858
2919037296
3307116128
1641882268
2012182792
1682428384
1240500248
1873426956
3378193658
965581940
2355724604
4106016998
1949326176
2443846334
2413338196
1551947306
2631028512
3612941196
2860907788
2653262604
3479438582
4223317600
1597377624
651174016
415753494
3223979732
2838333134
2197393866
3986270290
2454852466
3238212630
3663493346
2354764614
2619142564
1803542170
1920146224
356415816
2647818488
2077846606
2024693832
3453942100
131381428
457996110
2088145026
3170707218
1824053584
3895098728
3424936572
4026508314
4265754448
2500970278
2211594394
3325977096
3146528716
2324423266
1275414244
3223481382
2417023222
1053433634
3118982904
2478588908
2370464280
2163135066
4211365884
2544364702
3260640994
3985373682
780011290
587339602
1190237930
318432810
1425866344
348952662
1840655174
3694151610
490214600
2642832318
1162201606
3768226332
1602512926
3225783128
2549072630
1783975824
4256469808
228181414
613468500
2392778014
199656750
746095230
790559788
3452033332
2619170176
662434600
4039928970
4078117278
3321364232
735343528
305428846
2811631484
251356446
2404776260
1000389140
1759028732
734680398
4062966614
2553137098
990373752
2017508890
2501776828
1916436602
1864001140
1275286274
2699364636
3625244756
4014429146
4095099220
185756186
3269112650
659923474
1694218482
2867590168
3337104568
1426964566
2094572056
789921420
1591129938
3524594544
3030691474
414849574
2783667622
1798567476
4159292690
2276297816
2203578884
380848992
871074762
1932425990
260309136
2167200388
1564941982
369970522
446287152
3069178142
2348073542
1908218108
1469073686
830772204
179069848
2783079274
712789360
4252353184
3384459026
1446211458
4159542338
734121840
549805976
902757392
1022603336
3940035282
1479968212
721037048
3461809262
976675664
4131868660
2246065246
4290049012
2544960122
3238191868
2335086088
2002843170
3806405098
3820775098
2492240322
2889978914
3067097122
636845758
1363265804
1782162168
2072604700
722705380
2740220862
3787569746
2954243760
1686454362
4143743894
2470299602
1510894760
2168286764
1170111650
2456404704
3212166840
4158435108
167084178
804724306
1613289566
543877906
1886538338
3891263692
1206311242
461734370
3660376250
1723740092
2767568290
694166578
2688481164
3227674580
2948592584
3214500984
1512594650
4210445580
3440824562
1943952460
3507399020
2495473414
594630004
1948612682
437786466
1868013408
4112612978
4046729534
4126767780
3269927260
1339675790
2798064838
4154851420
2728357806
3357429200
3633636644
3153276534
3122660116
4003521760
866303122
4024678890
3361315468
3865346728
3930286544
2488842196
2489606272
2852112460
793988118
525678822
1193041846
445062348
1789139354
3425778982
1654643940
2719314208
2762608956
3652541592
911790504
2882052520
805193536
2246108108
4249504732
1023513656
1017953592
2666215056
735792652
3155290324
193082716
3561764542
84988376
3513959230
693486814
3574821188
3138407194
3314531376
2297068634
2575625240
2707346358
3486220108
1142958018
1165569228
3999116088
2842803360
1122410030
492580036
3672627588
540259754
3337952722
92595104
2276174016
2103948402
1822026374
1384945364
1816219036
4133800976
2413971652
1687491012
814682084
4283594882
2771092056
657129284
1455665794
1565221102
265649106
695357000
1873908864
1803406034
3059473756
4054491092
3979710858
3978091068
920233658
3100222016
475957610
2759785068
1854349832
1432279490
2033833804
2701998194
3529367770
2497149252
1709291048
2987819526
3422712760
535222490
2754116986
3903433312
1375695184
280551982
606631294
830057882
1607961030
101039234
2169480898
3783967830
1344889738
1021122780
321105698
2304312250
2435298936
398809320
172934468
2677908044
2424017468
4182187650
2122269064
2393578842
2133429174
3375653868
232316526
527752216
2464142892
3455812312
2195612704
2106256828
3722967174
1209926138
2765534330
1175552344
1015499454
2892006962
3340165454
3967935958
581390414
3939944312
647696300
639470706
641423020
974658938
3943490714
3393282692
4017811488
1695044276
3397856392
2960330720
269687608
1743163422
1184402412
726833750
3746111308
1884617020
4260037694
451614336
2505093850
4026154350
2826085368
2627854076
346419322
3042282730
3301062056
2138256754
2445873786
3269111314
4280938000
1767776964
3964539812
2928988256
3595560296
2310711656
49101276
754219872
3524382840
3787467078
3238516860
980421286
4268478370
487473834
4265472988
3901976358
123817694
972075602
4036399804
691926110
4275170744
111358374
816577944
626980230
2170419314
1498347216
1653046674
1640612448
3599301290
1385052396
2561944378
2820980642
3929938156
1263422136
2045388140
1281461868
1282354978
2097168748
185155756
3365666140
2541265092
950469470
3868667858
2679436740
2165217244
2296515060
2680339256
3440507526
1254128174
157601006
842852134
3290085004
3315690698
1736247160
3473701918
2108539694
3434075002
513419926
3577121508
3339579148
1185845246
3972831476
1636616590
2402106042
3237754676
1893983334
3947221182
2089888608
2714121654
1710108784
2443516138
3160641512
516987080
2676188002
3727746420
1541912290
2710167964
1322918110
820670254
2457552574
2096198776
579461000
1197424246
2970811920
3340903888
1486434768
3810911556
863507364
1747576712
1450306516
3311275924
4221362890
3858431590
3859098618
2330502722
2510398576
1997802222
444967546
4236750452
3202370706
3346904392
2818900350
484032798
1154256114
3210791004
1791449298
2733110582
156008228
3972994938
2119839078
1349060520
3756858042
1332758050
3864119388
1436852086
1686827332
1805512596
1308852140
1060353324
2807592866
3705909982
2771613302
4226065716
3337764222
3965807442
4145730798
2092965574
4100281288
2022710896
97004848
1525533856
1065267718
1535106786
3419083858
3576487756
923142186
1545463744
3881595716
3792579038
956441350
1787989028
3341315300
783343618
4036766620
4080801814
2352301284
538092364
443687652
3377939284
1811266000
2846227960
1598800552
840597084
502715976
3922921450
2182119062
3721006908
2042615972
1247227544
3357552520
4175628456
932021914
3281935200
4170540514
2721954416
2512664666
170846154
1536929920
1902577092
765399414
3376805528
2934849876
2780847758
3698142794
1133567014
3462889528
153509730
333454584
151444438
2985418584
2056708430
211541934
3343686948
3703805962
1794614960
1539035386
824219010
3371172742
2632577964
4150629512
2692945320
2435153844
14309704
3007315398
2699809548
1813746572
2861791140
1719822106
4219736694
3674177402
848543644
3414608248
1422319200
1947491556
98333522
1303379408
435584150
1943424778
1865388576
352919986
391437592
4037649830
2913164040
361667168
86965182
3883673038
405924238
3362839682
3240690224
2672053828
1512592712
2455252200
3640218836
786835034
1197383488
3276706448
248615894
3564837562
2060291670
4249682210
922284694
1516577364
857233874
366573426
1992087578
1537142558
305117776
3026564680
3054973456
2255732680
981762338
3919467320
2221595568
3096278420
2610215748
850372734
1700422418
1271321742
2925910386
1314943984
3405443664
2120067542
4209035118
427663340
152721836
286626794
4106084668
3269776758
1342540630
384667952
350873644
2163442400
3043984290
3849733188
652295224
4033692568
2646165896
1089800276
2391160392
1015285110
3512874402
2275756020
1223397280
2577393758
844089280
2928666894
1091564740
1328172540
614844732
1877491710
2136090160
501116450
3387605422
2119690304
1420001734
1441261548
2470096542
22656792
1663686356
145791270
148606782
2023006540
3637465652
3741001110
1888378808
3026861262
2600206456
3254580284
1784815726
582073178
661637752
1241416552
302198304
3362347584
114356264
4287215512
1629723040
1823378180
1901386178
2478591768
1137519362
14259124
3904894802
3312129928
355654810
750438478
1642775186
1207794180
3763119548
2382503058
1506703274
1284326982
3738380722
3916395552
1264405294
1965756044
457374480
3634434354
1866614060
1233696622
2317755220
1485460312
4273195744
2393225230
3502863652
3421499976
2141382416
1292234018
2697432962
3963398134
3273754002
1766019934
3749422350
243954168
3151679908
4238319788
4254312290
547465308
2915507608
2236656854
893416108
392488640
2018201438
919000628
1011281766
3559450148
1939327224
903254776
4085667156
468276538
4169681434
327767878
3312898074
218398580
2027429220
3652919058
4221400770
1579289480
1313786506
1827357514
2788433340
3175800694
460512214
2686957548
1509156272
78788296
2634173408
544722014
2947834010
4169082414
2150156788
2079440534
54455000
2388368916
1410248324
2426342282
406166352
1584015052
2568175866
3149348654
3795809954
87306612
941541094
1081476882
725512560
1901077348
3966123006
2552115714
3533312250
3928531824
1270164658
2641611384
2628738106
1692057040
2518525738
2322333172
1182267644
1732502562
222792646
3895939202
4036122756
2793500096
2247511758
2452612746
1502204678
806535880
2791948638
3569642002
428663734
232156992
1834503140
441577540
435654100
2758273914
4195946572
1179217334
4199098148
41842832
4144468992
2860419696
118226764
1483022158
1006482662
1317346390
4107670380
3306045778
1234805760
3371185264
2857752262
4212266700
2740733190
2479274484
1926423382
3329691648
551757432
3684760006
650333364
2830360736
909582238
3906596192
3463625006
1415171818
2497781468
2852140758
941556314
961974704
4092613264
1647668258
2258917108
1480894220
2174019288
161551780
1221481154
2065322774
4010423034
2574517722
1063652618
712633482
597678286
3576539290
976581312
4128472132
2626584344
2692308632
3360369346
887556622
3253597768
2518891554
1513798714
1147901492
1032828782
337238296
476301852
3947800920
718974372
321313114
3716791850
2113121958
1452938994
3995160070
2630744812
3828679806
3455549534
2732835154
3725859438
1855110830
3990074348
2604468020
2705892628
597059160
4149474204
1454817188
936527536
926222300
4116210112
981958428
1000958466
3131840696
1303562084
1324888638
48754558
2802955922
1334796436
415545246
3993003280
4196210314
1346479466
3455569878
4046668920
277748292
438935360
2866007640
2797710346
3689593014
3979523504
3098393956
2901315198
3083394286
1954131946
2219420804
181352728
4284369218
3098385578
1854896638
1480124704
1795312590
3782418726
4147434282
1727232660
2120343238
2356687360
2485019584
1013328540
3571377956
1984778490
246533424
2552853074
1660282312
1024391022
396880826
55500020
439183964
118973000
1892577476
859655816
999731524
1116231264
4110470228
180940822
4166676876
1107230012
4068854846
156051416
1057139892
37082324
2870970708
2764183046
3499138068
633335460
188975178
4286400464
2397396790
1301951032
2013391734
3808129556
81008398
3963463574
828478974
926271506
986264898
1405339972
2238996756
3926419214
2291613050
3522123034
4182637694
977921254
3614139570
3316860990
267026330
2926279766
3811916722
2697824744
4035022550
290715440
91920332
2014640638
233124816
2541478226
983101736
41937828
4004386962
2382944040
774527396
1192528760
3150110398
2433313406
3005601366
1400485954
2839205976
4013059032
2032417800
3431246336
3546029262
373412332
1730485878
3209953002
1494767662
199069430
2639719296
493809000
982585602
3622998534
2522937946
1717426388
1497179302
1954117024
807912898
2586659032
1241899066
2051702030
763038456
1380295308
1991449332
3371027922
2416592548
2278253606
1094357206
1870504718
1712214800
3458693428
2533065042
967747442
2193986968
1167878288
2557801032
3799273782
3807282248
4076594090
511311444
46120902
3174831468
2290094148
1014907480
1872209412
2284459034
3748835646
3924488984
3619331938
1125056252
1978528288
3936482780
3466990888
1950347924
1378003224
826017410
2710983034
721219112
246050144
3155980850
2573291440
1956675340
3839197596
598671060
3019017290
3678179986
838992884
2595697064
4165640182
1035481740
2306467772
3729751888
4185198258
1667933736
1487833098
1222138466
3155308870
2446245366
3019436942
4199248236
2815768210
847525152
2231001842
1843254578
1634631282
2983135184
2419816396
2655657952
116911672
3639562292
3494688774
2255582562
1878918990
1908928366
2944281746
3709029126
3586383198
3415336844
1496619836
1995872356
1653608852
2776297094
503754378
3316146260
4291471884
622597052
2121594824
3353839480
2470609088
2491340596
3320314940
3478333040
3812920042
2260110500
663158988
656696790
928891798
3899560404
3634425974
250400174
1682012600
2834017432
1667029936
59969108
4216730606
4196694290
3708889288
2044731504
2619557780
2635020658
4086992496
39147554
1857717522
1456522186
2151707806
3939778974
3148365446
1899062048
3545708256
1968978574
3955180892
4234695558
1990888320
1036679218
3632178756
1850611330
643641028
940159650
2344760302
4196901668
2452016624
3087085068
346189840
191328178
2682469184
3446408876
2384874248
3206754590
3661814110
2074643296
1080262804
470697836
285095948
2381174664
3920488870
2759779082
2838824274
3011022594
880468798
4287838438
2317208200
3218726272
2637153622
2563378572
4034080338
2091503086
2881225444
2751921142
2643749834
606504524
837086884
1492546242
1365000372
800639114
4285757942
1617924154
538513924
3432401500
621439586
62409588
3829954804
119436150
2286453354
2026167770
1719754062
992733810
2604886092
805100596
2899367210
1178220144
4224465130
1470408484
429743770
3739624614
1078527700
775500664
627079298
3514489046
3599716458
3526511366
3901378298
1266436842
1409200536
1399702458
2038581722
3316628974
2556801072
297611944
4266430390
2199794106
2750047274
1157210108
1835686052
2776961172
1712235936
361264412
4011747706
2383670020
577099248
1491402604
2009832930
2061888068
3117976502
1312874702
386207282
1416501948
884292066
3711624234
528085608
3523327240
3338958612
3876358016
2106995006
3735037412
1570253104
1946191098
3884513076
1352085516
3236454956
919149900
894931752
1618880492
4248206224
2028660412
2032171524
1676008200
1321434856
685231898
2151069350
2001079166
1726663946
3337656628
306010686
44669918
3866509028
3567800708
565046906
37506982
1401837880
891157908
2028794312
3858738406
1667413614
1856782242
3866914406
678128618
2826550568
1311791448
1780904064
3175376080
2119390104
3802845184
1254687218
3018089728
2531778536
1827925164
2582537810
1822084040
231795750
4257709584
3016002826
2528306716
1837310588
1249025128
808120260
86137712
2650878196
477454028
2193306780
610339746
914678126
840148942
4245490596
4208182114
2585005738
3242875874
2564953848
3377790228
2698209164
2307114724
1084915692
1151002176
2013252060
631385272
23491536
2721349394
1962949414
330829410
3942040720
143477206
1782783044
3286026470
2886546904
2421654938
3140375698
1555862152
2049219306
2976358064
519765156
1167714662
1235579034
1638036396
3215235692
1622732924
1068710210
4138173288
1189096146
3376367224
1192874864
1631795528
2705276640
1203266602
2571734886
233998962
3411378694
3537431028
3333505356
467583796
3860430358
274216574
2737321540
147626416
86124966
1144396800
1449129564
4140698954
2185032534
1926316906
2045942838
3063675486
1852262222
3942249372
2381738742
385966026
3872631444
1025543318
277842236
2818624342
3434322272
3317810888
4100885724
4193856120
505021388
4196051000
2616042038
3471340488
1709442790
663854296
802158808
1689819386
3601052602
683245408
1673958810
2364350482
3898817218
3431521294
808194362
2508836258
1869829294
937116310
2774372792
643926374
2782993724
2983378988
1631048196
2598632794
2616708806
1963118466
3456486120
1941199448
735069338
3938981516
2861890216
2303784122
2165746940
768853414
1584444032
2026994288
2760358486
291728132
605889912
3008929132
3889123904
625465748
4172239732
1248393896
3875384126
4271470190
650521052
3472300600
789023254
3964996398
759244522
2544695944
3714795058
1605622766
3110779162
2257038460
1007519130
2818707288
1041867798
707037292
1458229988
1862368812
4223237886
2116649556
606424536
1277006854
1860423508
822065686
2748628816
3951035516
3143247622
4214389042
3494958226
862227614
1859558396
1772400108
577255642
3219613352
286871948
1157989276
1208027146
1196230078
3667294020
3746079438
3038209100
359494874
2261942518
1163136570
4176751616
3754720862
604081602
478031122
943970938
1930171642
1258315496
3829794334
2331680416
2919364554
2119945130
2682050968
4261750280
1412356104
2643224776
2859379930
2923049184
398823638
1354070696
2071078704
1474493722
4146154988
2654117190
2501374772
589190514
584858438
1939490688
3396329066
1019901154
1367116766
1306145178
718770708
3359714224
1243122734
3436961956
2295268236
4043180514
1349079692
2337727404
750869472
3802837748
728675478
2800368218
1394764366
2219187320
3621894562
4167298724
2483481698
3264234418
3568660284
1172870710
1846326708
1145248678
1723753814
1788249590
1927926522
2727643048
1831922562
2637094130
1868091612
892031774
1015059792
2955946378
1484471162
2138724178
4060700084
955732526
1161969314
1733522846
713153226
3146697228
4247058008
447943750
3139657264
832061030
39309666
88330434
851454768
517197070
2349791758
1327964524
2919553378
380950432
3447338964
957570898
3289830416
3782109448
867083754
671643188
1537914588
1039022270
66998010
3931868896
2704679418
2164868038
156191638
739350304
575109266
825437838
3223858866
4188558284
2571266026
2619040100
484856960
3603341172
4216619170
2364000624
2428783264
967454562
2792178888
1662813406
3202289940
1740227272
1952543136
2991609198
1520029062
827633140
401563592
1108904168
3621298058
886725254
2534142624
40613586
1632974330
1425969688
1584467696
2264659998
4205896896
3688320360
1537368230
976899374
1900504776
2584483170
1352907358
2985601600
2495972478
4100639158
1573667680
1638808600
968549186
2355068328
3166212136
2309303254
1524568962
2764552390
430928148
338692596
3315478872
1172915980
3609842682
1362655144
3908013216
895157634
954636582
1424457092
3730588854
867564974
3689980044
3518829070
4042432416
2503191020
4172971548
2362344190
3950759408
1701189972
2894204778
1435841716
1426739944
145599848
3526197324
3947146966
3763517102
1846552574
505556636
1265098252
2594762518
630510282
6001444
4036714874
1010664668
3127628098
3160325716
721803444
1002186212
661143310
1123131828
1823773326
3630632780
1643755638
3676938272
887711210
74232770
1114507204
2075911408
2614237490
135708132
1829495406
541506440
1993448472
2035954062
4195220526
3828460246
404223022
64028730
3313434004
2827602510
1201296762
3359994342
719762106
1612282220
2753252056
2975332420
1143881732
2275670732
3077918336
4211767858
2505383830
4077506874
3968835180
3823124388
3022345474
2454209650
2192949690
3353072796
3715523080
1599570742
1435891204
759012584
110441318
1483625880
2619553040
3418476024
3413887786
3010011348
2270875440
214946772
3964795146
1836815444
1485969300
3632018820
1297311636
1530067100
3010650340
2587975788
2537714180
1642816556
4115050776
3869866076
689802040
2838661142
1254665886
3255129042
2704325670
1795205462
3880841212
4086821414
4012716806
799451300
3795972074
227818558
168551228
1942755824
378973780
3186060182
489124486
3148976730
2790629094
3378876720
2455567764
1506671518
4164206810
3135550684
4245737540
1915483122
3027730516
1530259314
3360853366
4044628856
3156484566
1386222538
1572503912
675027280
1948921686
3803545502
3739136898
1341569788
697665586
1525173806
328578450
903851598
3478811806
3927043008
4191301030
355592354
4195911756
3316481834
866279320
3930900606
3004320524
542106840
2345898370
3989967332
19929820
3271457970
2775133010
1558685462
1152374636
